epoch:0 0.0104  0.0602  0.0000  -1.0000  0.0104  0.0330  0.1600  0.0000  -1.0000  0.0330  0.3765  0.001000
epoch:1 0.3211  0.7886  0.2157  -1.0000  0.3211  0.4370  0.8700  0.3900  -1.0000  0.4370  0.0238  0.001000
epoch:2 0.6792  0.9745  0.7900  -1.0000  0.6792  0.7180  0.9800  0.8200  -1.0000  0.7180  0.0156  0.001000
