epoch:0 0.0531  0.1886  0.0216  -1.0000  0.0531  0.1040  0.3500  0.0300  -1.0000  0.1040  0.2351  0.001000
epoch:1 0.3468  0.7731  0.2247  -1.0000  0.3468  0.4770  0.8700  0.4300  -1.0000  0.4770  0.0230  0.001000
epoch:2 0.6478  0.9448  0.7238  -1.0000  0.6478  0.7340  0.9700  0.8300  -1.0000  0.7340  0.0140  0.001000
