epoch:0 0.0026  0.0184  0.0000  -1.0000  0.0026  0.0220  0.1100  0.0000  -1.0000  0.0220  0.7173  0.001000
epoch:1 0.2973  0.7586  0.1507  -1.0000  0.2973  0.4110  0.8200  0.3500  -1.0000  0.4110  0.0256  0.001000
