epoch:0 0.0064  0.0413  0.0000  -1.0000  0.0064  0.0340  0.1800  0.0000  -1.0000  0.0340  0.3978  0.001000
epoch:1 0.4515  0.9235  0.3827  -1.0000  0.4515  0.5480  0.9500  0.5300  -1.0000  0.5480  0.0229  0.001000
epoch:2 0.6777  1.0000  0.8075  -1.0000  0.6777  0.7310  1.0000  0.8500  -1.0000  0.7310  0.0148  0.001000
