epoch:0 0.0000  0.0000  0.0000  -1.0000  0.0000  0.0000  0.0000  0.0000  -1.0000  0.0000  0.3545  0.001000
epoch:1 0.2242  0.7119  0.0879  -1.0000  0.2249  0.3600  0.8100  0.2800  -1.0000  0.3600  0.0245  0.001000
epoch:2 0.5513  0.9556  0.5174  -1.0000  0.5513  0.6190  0.9600  0.6100  -1.0000  0.6190  0.0166  0.001000
