epoch:0 0.0600  0.2519  0.0073  -1.0000  0.0600  0.1380  0.4500  0.0400  -1.0000  0.1380  0.2149  0.001000
epoch:1 0.7114  1.0000  0.8305  -1.0000  0.7114  0.7580  1.0000  0.8600  -1.0000  0.7580  0.0199  0.001000
epoch:2 0.7572  1.0000  0.9086  -1.0000  0.7572  0.7920  1.0000  0.9200  -1.0000  0.7920  0.0122  0.001000
