epoch:0 0.0245  0.1342  0.0018  -1.0000  0.0245  0.0760  0.3100  0.0100  -1.0000  0.0760  0.2288  0.001000
epoch:1 0.4877  0.9765  0.4550  -1.0000  0.4877  0.5480  0.9800  0.5800  -1.0000  0.5480  0.0218  0.001000
