epoch:0 0.0046  0.0211  0.0017  -1.0000  0.0047  0.0290  0.1100  0.0100  -1.0000  0.0290  0.5814  0.001000
epoch:1 0.2685  0.7884  0.1228  -1.0000  0.2685  0.3900  0.8700  0.3000  -1.0000  0.3900  0.0246  0.001000
epoch:2 0.5875  0.9627  0.6741  -1.0000  0.5875  0.6520  0.9700  0.7600  -1.0000  0.6520  0.0176  0.001000
