epoch:0 0.0000  0.0000  0.0000  -1.0000  0.0000  0.0000  0.0000  0.0000  -1.0000  0.0000  0.3789  0.001000
epoch:1 0.0341  0.1909  0.0006  -1.0000  0.0341  0.0910  0.3400  0.0100  -1.0000  0.0910  0.0286  0.001000
epoch:2 0.3764  0.8771  0.2114  -1.0000  0.3764  0.4450  0.9100  0.3300  -1.0000  0.4450  0.0232  0.001000
