metrics: [359.89241287671973, 640.282827913042, 757.5267557523498, 618.5364115455258, 616.7507406701355, 644.1787960862516, 369.4575593012071, 674.2640633352194, 522.0079731639435, 510.3163768041628]
val_accuracy: 571.3213917448558
