metrics: [434.1976852371283, 638.8074930040692, 606.6947717945604, 684.9153328131902, 344.2539948441206, 435.2274517963724, 543.3134878809828, 586.8523251360236, 640.2258936165267, 558.4227738503072]
val_accuracy: 547.2911209973281
